20
1
10,10,9,
{"neuronConnections":[],"bias":-0.706751823425293}
{"neuronConnections":[],"bias":7.694423675537109}
{"neuronConnections":[],"bias":-5.131292343139648}
{"neuronConnections":[],"bias":-2.435002326965332}
{"neuronConnections":[],"bias":1.5266828536987305}
{"neuronConnections":[],"bias":-7.588714599609375}
{"neuronConnections":[],"bias":6.344272613525391}
{"neuronConnections":[],"bias":7.707902908325195}
{"neuronConnections":[],"bias":-5.391275405883789}
{"neuronConnections":[],"bias":5.667917251586914}
{"neuronConnections":[0.315794438123703,0.09149396419525147,-0.9388835430145264,-0.7045767307281494,0.10081255435943604,-0.8219444751739502,-0.1328655481338501,0.49027058482170107,-0.18046224117279054,-0.5369412899017334],"bias":1.5563478469848633}
{"neuronConnections":[0.797569990158081,0.3001687228679657,-0.741790771484375,-0.3141075372695923,0.08229124546051026,0.7611958980560303,0.13317906856536866,0.08874022960662842,-0.591834545135498,-0.7652971744537354],"bias":1.8238286972045899}
{"neuronConnections":[-0.004108071327209473,0.9191811084747315,-0.7871766090393066,-0.9394855499267578,0.6904246807098389,-0.21284878253936768,-0.5823311805725098,0.19981896877288819,-0.06706655025482178,-0.49960482120513918],"bias":6.62428092956543}
{"neuronConnections":[0.9645919799804688,-0.657780647277832,-0.7862057685852051,-0.9571340084075928,0.41836807131767275,-0.06312263011932373,0.1620856523513794,-0.28760015964508059,0.6935491561889648,-0.5550365447998047],"bias":3.3545377254486086}
{"neuronConnections":[-0.7302906513214111,-0.7716183662414551,0.2336641550064087,0.9467864036560059,-0.17862403392791749,-0.7568249702453613,-0.15824735164642335,-0.9795489311218262,-0.10855281352996826,-0.18849408626556397],"bias":1.0502309799194337}
{"neuronConnections":[-0.3597499132156372,-0.7109766006469727,0.6246645450592041,0.08172380924224854,0.710331916809082,0.8673732280731201,-0.47906649112701418,-0.9561333656311035,0.5377991199493408,-0.6588025093078613],"bias":7.603300094604492}
{"neuronConnections":[0.3954455554485321,-0.00032770633697509766,0.5139756202697754,-0.6969904899597168,-0.7609360218048096,-0.05011594295501709,-0.4821540117263794,-0.7972702980041504,-0.3079930543899536,0.17753446102142335],"bias":1.0375604629516602}
{"neuronConnections":[0.9597547054290772,-0.5250968933105469,-0.9166429042816162,-0.5600621700286865,0.8391819000244141,-0.4315885305404663,-0.854424238204956,-0.16643774509429933,0.15814554691314698,-0.3028157949447632],"bias":6.112810134887695}
{"neuronConnections":[-0.25390636920928957,-0.6968889236450195,-0.17259657382965089,0.004641890525817871,-0.8709464073181152,0.4128739535808563,0.9669179916381836,0.27290603518486025,-0.5245821475982666,-0.6714818477630615],"bias":-7.352851867675781}
{"neuronConnections":[0.5638866424560547,0.694711446762085,0.42694565653800967,0.8656377792358398,0.3678579032421112,0.11113512516021729,0.523491382598877,0.045261263847351077,0.3234505355358124,-0.3324817419052124],"bias":3.5949838161468508}
{"neuronConnections":[0.4006445109844208,0.11735308170318604,0.37087246775627139,0.981827974319458,-0.5725364685058594,0.823833703994751,-0.9483828544616699,0.7809009552001953,-0.09395849704742432,0.21725380420684815],"bias":0.29468822479248049}
{"neuronConnections":[-0.31814253330230715,-0.4649699926376343,0.7071359157562256,-0.18354427814483643,-0.441827654838562,0.3471777141094208,0.19921553134918214,-0.24628937244415284,-0.840897798538208,0.38060328364372256],"bias":-5.590398788452148}
{"neuronConnections":[-0.6264142990112305,-0.36777961254119875,-0.1193617582321167,-0.2924591302871704,-0.03442966938018799,0.4183191955089569,0.6845202445983887,0.9873082637786865,-0.44149720668792727,-0.25022852420806887],"bias":-7.903541564941406}
{"neuronConnections":[-0.5162534713745117,0.3437606990337372,-0.5357198715209961,-0.8673861026763916,0.6424009799957275,-0.1772845983505249,0.220115065574646,-0.5863590240478516,0.925081729888916,0.794973611831665],"bias":-3.3911256790161135}
{"neuronConnections":[0.10312783718109131,0.6672821044921875,-0.42377912998199465,-0.7043983936309815,-0.5801844596862793,0.06656777858734131,-0.0015946626663208008,0.38739392161369326,0.47644802927970889,-0.9250726699829102],"bias":-6.320400238037109}
{"neuronConnections":[-0.9860188961029053,0.7470779418945313,-0.36389100551605227,-0.7201440334320068,-0.7154502868652344,0.7332808971405029,0.028197407722473146,-0.9345829486846924,-0.7702994346618652,0.21570217609405518],"bias":-4.64430046081543}
{"neuronConnections":[-0.32409417629241946,0.5578885078430176,0.08279144763946533,-0.8390791416168213,-0.29777681827545168,0.6803262233734131,0.5990650653839111,-0.01077735424041748,-0.9087495803833008,-0.5271742343902588],"bias":6.044677734375}
{"neuronConnections":[0.9236223697662354,-0.6859123706817627,-0.21978867053985597,0.4280516803264618,-0.04069840908050537,-0.31747353076934817,-0.03358924388885498,0.027563929557800294,-0.6915009021759033,0.7228822708129883],"bias":-3.1910085678100588}
{"neuronConnections":[-0.2839316129684448,-0.13188374042510987,0.7991635799407959,-0.9323575496673584,0.18791639804840089,0.7419846057891846,0.132804274559021,0.2825314700603485,-0.6954290866851807,0.31990882754325869],"bias":3.9424073696136476}
